,A,B,C,D,E
test,[   24    32    35 ... 19666 19667 19668],[    3     4     5 ... 19624 19625 19663],[    2    25    40 ... 19653 19654 19655],[   31    34    51 ... 19638 19657 19662],[    0     1    13 ... 19658 19660 19661]
val,[    3     4     5 ... 19624 19625 19663],[    2    25    40 ... 19653 19654 19655],[   31    34    51 ... 19638 19657 19662],[    0     1    13 ... 19658 19660 19661],[   24    32    35 ... 19666 19667 19668]
train,[    0     1     2 ... 19660 19661 19662],[    0     1    13 ... 19666 19667 19668],[    0     1     3 ... 19666 19667 19668],[    2     3     4 ... 19666 19667 19668],[    2     3     4 ... 19657 19662 19663]
